    unsorted:	 986.9604406 986.9604406 986.9604406 986.9604406 986.9604406 0.009076660400 0.004943943179 0.1726599154 19.95171774 -57.03998725 107.0649430 1001.103323 721.1399130 601.1810558 -391.1467939 1940.707600 -649.3932489 2972.395514 3653.560948 5721.375090 4870.218669 6517.178286 7977.620309 9233.697088 10543.10901 11252.49663 13739.75037 14132.34705 15220.45257 17336.47208 20082.42831 27835.98624 27958.05346 26978.75185 26083.71079 28904.99311 29258.91335 25075.00576 29953.06900 30091.12268 23118.05297 31172.98724 32542.77392 33464.51384 36985.84613 39245.89397 43920.90459 44316.21776 51836.79882 960596.6288 -193125081.0 193341530.8 -1301960313. 1302216787. 0.006081244223
      sorted:	 -1301960313. -193125081.0 -649.3932489 -391.1467939 -57.03998725 0.004943943179 0.006081244223 0.009076660400 0.1726599154 19.95171774 107.0649430 601.1810558 721.1399130 986.9604406 986.9604406 986.9604406 986.9604406 986.9604406 1001.103323 1940.707600 2972.395514 3653.560948 4870.218669 5721.375090 6517.178286 7977.620309 9233.697088 10543.10901 11252.49663 13739.75037 14132.34705 15220.45257 17336.47208 20082.42831 23118.05297 25075.00576 26083.71079 26978.75185 27835.98624 27958.05346 28904.99311 29258.91335 29953.06900 30091.12268 31172.98724 32542.77392 33464.51384 36985.84613 39245.89397 43920.90459 44316.21776 51836.79882 960596.6288 193341530.8 1302216787.
