    unsorted:	 986.9604406 986.9604406 986.9604406 986.9604406 986.9604406 0.006045568220 0.006045568310 0.006045569210 0.004936955918 0.007769657309 0.005380423338 1066.105178 1403.924985 3142.795661 9710.883286 8386.405837 10971.71863 25168.87408 43301.08670 41830.19366 46518.96005 57234.47638 64210.63008 70353.55118 81440.17748 85897.99058 94414.67521 98112.69188 107093.5977 119690.5015 145637.7020 164586.9882 160038.0401 168883.5596 187740.2648 193541.5888 212104.7597 217412.6318 230524.8006 254490.8282 265122.5006 283271.3690 295404.3444 310156.6698 318761.9772 324713.6478 341639.4968 436507.7628 841477.9599 1506144.364 2647035.464 7548326.158
      sorted:	 0.004936955918 0.005380423338 0.006045568220 0.006045568310 0.006045569210 0.007769657309 986.9604406 986.9604406 986.9604406 986.9604406 986.9604406 1066.105178 1403.924985 3142.795661 8386.405837 9710.883286 10971.71863 25168.87408 41830.19366 43301.08670 46518.96005 57234.47638 64210.63008 70353.55118 81440.17748 85897.99058 94414.67521 98112.69188 107093.5977 119690.5015 145637.7020 160038.0401 164586.9882 168883.5596 187740.2648 193541.5888 212104.7597 217412.6318 230524.8006 254490.8282 265122.5006 283271.3690 295404.3444 310156.6698 318761.9772 324713.6478 341639.4968 436507.7628 841477.9599 1506144.364 2647035.464 7548326.158
