    unsorted:	 986.9604406 986.9604406 986.9604406 986.9604406 986.9604406 0.005111729017 0.009726745578 0.01412115003 26.63039544 17.87369512 0.009453390423 698.9266081 1186.677175 2518.859523 3110.746786 5475.968560 8051.096239 8635.637772 9745.247244 12116.50843 13481.82217 14642.84548 15475.22479 19423.43523 22645.35451 26003.84266 31416.94406 33267.51045 35163.48122 36059.76811 37783.49351 41546.24855 42023.95833 43844.17877 44962.84934 46974.06748 51508.95781 54068.14913 54838.13038 61982.29173 66048.82820 69535.82655 77311.37234 88585.04010 96862.56063 128297.9591 145657.4072 260210.2906 635474.6978 2414737.975 -488551127.5 489837540.4 -815045487.3 819937577.0 -6771748509. 6783336552.
      sorted:	 -6771748509. -815045487.3 -488551127.5 0.005111729017 0.009453390423 0.009726745578 0.01412115003 17.87369512 26.63039544 698.9266081 986.9604406 986.9604406 986.9604406 986.9604406 986.9604406 1186.677175 2518.859523 3110.746786 5475.968560 8051.096239 8635.637772 9745.247244 12116.50843 13481.82217 14642.84548 15475.22479 19423.43523 22645.35451 26003.84266 31416.94406 33267.51045 35163.48122 36059.76811 37783.49351 41546.24855 42023.95833 43844.17877 44962.84934 46974.06748 51508.95781 54068.14913 54838.13038 61982.29173 66048.82820 69535.82655 77311.37234 88585.04010 96862.56063 128297.9591 145657.4072 260210.2906 635474.6978 2414737.975 489837540.4 819937577.0 6783336552.
