    unsorted:	 986.9604406 986.9604406 986.9604406 986.9604406 986.9604406 1.749759770 44.03150255 59.50613281 12.58137934 75.37510917 215.3076544 480.8742289 1058.319009 1669.114622 2444.022028 21296.74541 20708.30560 18836.27099 17818.02949 15740.08688 23731.63629 27506.73083 29999.97655 34067.34613 35383.83511 43241.60662 42862.35641 40544.58715 45462.41627 48387.61337 50876.89248 55325.52053 59663.14968 60476.64380 61724.34647 63502.65511 66554.61956 78141.41321 75107.07766 84385.68433 83721.52245 88517.53669 90971.21631 95168.57707 100839.9647 196536.6005 517534.6401 -792815558.0 792886075.0 -1.300085583e+10 1.300146360e+10 -2.836167931e+10 2.836451036e+10
      sorted:	 -2.836167931e+10 -1.300085583e+10 -792815558.0 1.749759770 12.58137934 44.03150255 59.50613281 75.37510917 215.3076544 480.8742289 986.9604406 986.9604406 986.9604406 986.9604406 986.9604406 1058.319009 1669.114622 2444.022028 15740.08688 17818.02949 18836.27099 20708.30560 21296.74541 23731.63629 27506.73083 29999.97655 34067.34613 35383.83511 40544.58715 42862.35641 43241.60662 45462.41627 48387.61337 50876.89248 55325.52053 59663.14968 60476.64380 61724.34647 63502.65511 66554.61956 75107.07766 78141.41321 83721.52245 84385.68433 88517.53669 90971.21631 95168.57707 100839.9647 196536.6005 517534.6401 792886075.0 1.300146360e+10 2.836451036e+10
