    unsorted:	 986.9604406 986.9604406 986.9604406 986.9604406 986.9604406 0.006627648261 0.005474068016 4.016639619 189.2390055 298.6962179 1099.798999 0.004977508690 1492.826193 2154.291451 2632.372079 8777.337830 11165.56357 44767.67001 43467.79083 40565.44660 47181.70556 36840.21589 31552.43387 51433.56917 25715.00396 57918.07418 62687.98965 67311.36599 84669.90745 84634.76868 85434.93228 81483.81456 71773.94848 90171.91133 94024.65666 104846.3174 108343.9501 110519.6590 118876.7881 124996.1723 132924.1590 142644.5170 144162.2611 150884.4420 159789.1811 173591.4871 177939.5075 579080.1693 1246489.663 3317740.431 -3111836663. 3112672383. -1.018736786e+10 1.018878483e+10 -2.640403536e+10 2.640549395e+10
      sorted:	 -2.640403536e+10 -1.018736786e+10 -3111836663. 0.004977508690 0.005474068016 0.006627648261 4.016639619 189.2390055 298.6962179 986.9604406 986.9604406 986.9604406 986.9604406 986.9604406 1099.798999 1492.826193 2154.291451 2632.372079 8777.337830 11165.56357 25715.00396 31552.43387 36840.21589 40565.44660 43467.79083 44767.67001 47181.70556 51433.56917 57918.07418 62687.98965 67311.36599 71773.94848 81483.81456 84634.76868 84669.90745 85434.93228 90171.91133 94024.65666 104846.3174 108343.9501 110519.6590 118876.7881 124996.1723 132924.1590 142644.5170 144162.2611 150884.4420 159789.1811 173591.4871 177939.5075 579080.1693 1246489.663 3317740.431 3112672383. 1.018878483e+10 2.640549395e+10
