    unsorted:	 986.9604406 986.9604406 986.9604406 986.9604406 986.9604406 1526.648053 84.77412217 261.0687939 47.76653328 21.42991380 646.1425264 960.6242000 1804.339924 2022.012119 15663.19871 15248.89775 18171.97387 22861.50558 22319.85529 27234.71815 32271.61805 36760.95620 40868.78912 39861.29180 43118.15830 44753.90597 47212.01205 49201.54426 54851.54524 57632.36833 58578.65099 59015.78453 63883.31692 69544.95720 73346.15445 74939.20810 81039.19398 84709.20748 88682.17756 95181.48899 101626.1548 106053.5706 119036.7174 135998.3741 254909.9751 1088628.410 -4598796567. 4599629335. -1.124296181e+10 1.124546786e+10
      sorted:	 -1.124296181e+10 -4598796567. 21.42991380 47.76653328 84.77412217 261.0687939 646.1425264 960.6242000 986.9604406 986.9604406 986.9604406 986.9604406 986.9604406 1526.648053 1804.339924 2022.012119 15248.89775 15663.19871 18171.97387 22319.85529 22861.50558 27234.71815 32271.61805 36760.95620 39861.29180 40868.78912 43118.15830 44753.90597 47212.01205 49201.54426 54851.54524 57632.36833 58578.65099 59015.78453 63883.31692 69544.95720 73346.15445 74939.20810 81039.19398 84709.20748 88682.17756 95181.48899 101626.1548 106053.5706 119036.7174 135998.3741 254909.9751 1088628.410 4599629335. 1.124546786e+10
