    unsorted:	 986.9604406 986.9604406 986.9604406 986.9604406 986.9604406 17497.69155 16963.10082 18184.43401 16285.04504 15461.80419 19754.23716 20911.41130 21658.17796 22878.58905 14310.27539 25965.92418 26129.68637 26734.89949 27277.62134 27795.89567 11255.41535 9588.878209 9229.214222 7749.656029 30632.61285 31591.64967 32435.35506 1758.571152 2034.417273 2522.492028 863.1004193 1485.238728 318.0532104 36582.00952 36739.18286 38557.36550 40465.62358 45299.79956 50357.95626 83459.03922 560340.3766 3034073.039 -5809642154. 5810457998.
      sorted:	 -5809642154. 318.0532104 863.1004193 986.9604406 986.9604406 986.9604406 986.9604406 986.9604406 1485.238728 1758.571152 2034.417273 2522.492028 7749.656029 9229.214222 9588.878209 11255.41535 14310.27539 15461.80419 16285.04504 16963.10082 17497.69155 18184.43401 19754.23716 20911.41130 21658.17796 22878.58905 25965.92418 26129.68637 26734.89949 27277.62134 27795.89567 30632.61285 31591.64967 32435.35506 36582.00952 36739.18286 38557.36550 40465.62358 45299.79956 50357.95626 83459.03922 560340.3766 3034073.039 5810457998.
